# настоящее ядро ggml, веса холодные (N различных матриц)
# тип=f16, K=4096, строка=8192 Б, рабочий набор ~4.0 ГиБ
МБ/ядро строк ядер мкс/ядро     ГБ/с набор,ГиБ
         1.0       128    1024        2.09       500.8         1.00
         2.1       256    1024        2.63       798.2         2.00
         4.2       512    1024        3.97      1056.0         4.00
         8.4      1024     512        6.65      1261.1         4.00
        16.8      2048     256       11.46      1464.0         4.00
        33.6      4096     128       21.49      1561.7         4.00
        67.1      8192      64       41.41      1620.5         4.00
       134.2     16384      32       81.73      1642.2         4.00
       268.4     32768      16      161.35      1663.7         4.00
       536.9     65536       8      320.11      1677.1         4.00
