# настоящее ядро ggml, веса холодные (N различных матриц)
# K=16384, тип=q4_0, строка=9216 Б, рабочий набор ~4.0 ГиБ
МБ/ядро строк ядер мкс/ядро     ГБ/с набор,ГиБ
         1.0       113    1024        3.74       278.3         0.99
         2.1       227    1024        4.08       513.1         2.00
         4.2       455    1024        5.02       835.7         4.00
         8.4       910     512        7.98      1051.4         4.00
        16.8      1820     256       13.04      1286.3         4.00
        33.5      3640     128       22.91      1464.5         4.00
        67.1      7281      64       42.73      1570.2         4.00
       134.2     14563      32       82.72      1622.4         4.00
       268.4     29127      16      162.23      1654.7         4.00
       536.9     58254       8      321.53      1669.7         4.00
