# настоящее ядро ggml, веса холодные (N различных матриц)
# тип=q8_0, K=4096, строка=4352 Б, рабочий набор ~4.0 ГиБ
МБ/ядро строк ядер мкс/ядро     ГБ/с набор,ГиБ
         1.0       240    1024        2.89       361.4         1.00
         2.1       481    1024        3.62       577.8         2.00
         4.2       963    1024        5.04       830.8         4.00
         8.4      1927     512        7.55      1110.9         4.00
        16.8      3855     256       12.44      1348.3         4.00
        33.6      7710     128       22.30      1504.6         4.00
        67.1     15420      64       42.09      1594.4         4.00
       134.2     30840      32       81.80      1640.8         4.00
       268.4     61680      16      160.90      1668.3         4.00
       536.9    123361       8      319.21      1681.9         4.00
