# настоящее ядро ggml, веса холодные (N различных матриц)
# тип=q6_K, K=4096, строка=3360 Б, рабочий набор ~4.0 ГиБ
МБ/ядро строк ядер мкс/ядро     ГБ/с набор,ГиБ
         1.0       312    1024        3.46       302.8         1.00
         2.1       624    1024        3.93       534.1         2.00
         4.2      1248    1024        5.58       752.0         4.00
         8.4      2496     512        7.96      1053.7         4.00
        16.8      4993     256       12.92      1298.5         4.00
        33.6      9986     128       22.82      1470.3         4.00
        67.1     19972      64       42.61      1574.9         4.00
       134.2     39945      32       82.35      1629.8         4.00
       268.4     79891      16      161.41      1663.1         4.00
       536.9    159783       8      319.44      1680.7         4.00
