# настоящее ядро ggml, веса холодные (N различных матриц)
# K=4096, тип=q4_0, строка=2304 Б, рабочий набор ~4.0 ГиБ
МБ/ядро строк ядер мкс/ядро     ГБ/с набор,ГиБ
         1.0       455    1024        2.99       350.3         1.00
         2.1       910    1024        3.74       561.3         2.00
         4.2      1820    1024        4.96       845.7         4.00
         8.4      3640     512        7.59      1105.3         4.00
        16.8      7281     256       12.50      1341.8         4.00
        33.6     14563     128       22.39      1498.3         4.00
        67.1     29127      64       42.28      1587.4         4.00
       134.2     58254      32       82.23      1632.2         4.00
       268.4    116508      16      161.39      1663.2         4.00
       536.9    233016       8      320.15      1676.9         4.00
