# настоящее ядро ggml, веса холодные (N различных матриц)
# K=1024, тип=q4_0, строка=576 Б, рабочий набор ~4.0 ГиБ
МБ/ядро строк ядер мкс/ядро     ГБ/с набор,ГиБ
         1.0      1820    1024        2.77       378.3         1.00
         2.1      3640    1024        3.51       597.4         2.00
         4.2      7281    1024        4.81       871.3         4.00
         8.4     14563     512        7.30      1149.0         4.00
        16.8     29127     256       12.26      1368.3         4.00
        33.6     58254     128       22.22      1509.9         4.00
        67.1    116508      64       42.28      1587.2         4.00
       134.2    233016      32       82.50      1626.8         4.00
       268.4    466033      16      162.41      1652.8         4.00
       536.9    932067       8      322.27      1665.9         4.00
