# настоящее ядро ggml, веса холодные (N различных матриц)
# тип=q4_0, K=4096, строка=2304 Б, рабочий набор ~4.0 ГиБ
МБ/ядро строк ядер мкс/ядро     ГБ/с набор,ГиБ
         1.0       455    1024        2.75       380.9         1.00
         2.1       910    1024        3.40       617.2         2.00
         4.2      1820    1024        4.66       899.2         4.00
         8.4      3640     512        7.16      1171.0         4.00
        16.8      7281     256       12.07      1389.8         4.00
        33.6     14563     128       21.97      1527.5         4.00
        67.1     29127      64       41.74      1607.7         4.00
       134.2     58254      32       81.53      1646.2         4.00
       268.4    116508      16      160.67      1670.8         4.00
       536.9    233016       8      319.06      1682.7         4.00
